# 48 0 43 42
4 3 3 2 2 1 1 2 1 1 1 2 1 1 2 2 1 1 2 1 1 1 3 3 2 2 1 1 2 1 1 1 2 1 1 2 q2 1 1 2 1 1 1 
1 24 1 1 3 1 1 2 1 3 4 2 4 12 1 4 5 1 5 8 1 5 7 1 5 6 1 8 11 1 8 10 1 8 9 1 12 15 1 12 14 1 12 13 1 15 23 2 15 16 1 16 19 1 16 18 1 16 17 1 19 22 1 19 21 1 19 20 1 24 25 2 25 33 1 25 26 1 26 29 1 26 28 1 26 27 1 29 32 1 29 31 1 29 30 1 33 36 1 33 35 1 33 34 1 36 37 1 37 40 1 37 39 1 37 38 1 40 43 1 40 42 1 40 41 1 
# 78 0 67 66
3 4 3 2 2 1 1 2 1 2 1 2 2 1 2 1 2 1 2 1 2 1 3 2 2 2 1 2 1 2 1 2 1 2 1 2 2 1 1 2 2 2 1 2 1 2 1 2 1 2 1 3 2 1 2 1 2 2 1 2 1 2 1 2 1 2 1 
1 36 2 1 2 1 2 23 1 2 3 1 3 4 2 4 8 1 4 5 1 5 7 1 5 6 1 8 10 2 8 9 1 10 12 1 10 11 1 12 19 2 12 13 1 13 15 2 13 14 1 15 17 1 15 16 1 17 18 1 19 21 1 19 20 1 21 22 1 23 24 2 24 25 1 25 34 2 25 26 1 26 28 2 26 27 1 28 30 1 28 29 1 30 32 2 30 31 1 32 33 1 34 35 1 36 53 1 36 37 1 37 40 1 37 39 1 37 38 1 40 52 2 40 41 1 41 42 2 42 44 1 42 43 1 44 46 2 44 45 1 46 48 1 46 47 1 48 50 2 48 49 1 50 51 1 53 55 2 53 54 1 55 57 1 55 56 1 57 62 2 57 58 1 58 60 2 58 59 1 60 61 1 62 64 1 62 63 1 64 66 2 64 65 1 66 67 1 
# 128 0 34 33
2 6 2 2 2 1 2 1 2 1 2 2 1 2 1 2 2 1 2 1 2 1 2 1 5 2 2 1 1 1 3 2 2 1 
1 16 2 1 2 1 2 3 1 3 4 1 4 11 2 4 5 1 5 7 2 5 6 1 7 9 1 7 8 1 9 10 1 11 14 1 11 12 1 12 13 1 14 15 1 16 25 1 16 17 1 17 19 2 17 18 1 19 21 1 19 20 1 21 23 2 21 22 1 23 24 1 25 32 1 25 26 1 26 31 2 26 27 1 27 30 1 27 29 1 27 28 1 32 33 1 33 34 1 
# 163 0 38 37
2 1 2 2 1 2 1 2 5 1 1 2 1 2 6 3 1 3 3 2 1 2 2 1 2 2 1 2 2 1 5 1 1 6 3 1 3 3 
1 20 2 1 3 1 1 2 1 3 14 2 3 4 1 4 6 2 4 5 1 6 8 1 6 7 1 8 12 2 8 9 1 9 11 1 9 10 1 12 13 1 14 15 1 15 19 2 15 18 2 15 16 1 16 17 1 20 22 1 20 21 1 22 25 2 22 23 1 23 24 1 25 34 1 25 26 1 26 28 2 26 27 1 28 31 1 28 29 1 29 30 1 31 33 1 31 32 1 34 38 2 34 37 2 34 35 1 35 36 1 
# 164 0 16 15
2 1 1 2 1 1 6 3 1 3 3 6 3 1 3 3 
1 12 1 1 4 1 1 3 1 1 2 1 4 7 1 4 6 1 4 5 1 7 11 2 7 10 2 7 8 1 8 9 1 12 16 2 12 15 2 12 13 1 13 14 1 
# 170 0 31 30
2 2 1 2 1 2 1 2 2 1 8 5 1 7 3 2 1 1 2 1 1 1 3 2 1 1 2 1 1 1 3 
1 12 1 1 2 1 2 4 2 2 3 1 4 6 1 4 5 1 6 8 2 6 7 1 8 11 1 8 9 1 9 10 1 12 14 1 12 13 1 14 31 2 14 23 1 14 15 1 15 16 1 16 19 1 16 18 1 16 17 1 19 22 1 19 21 1 19 20 1 23 24 1 24 27 1 24 26 1 24 25 1 27 30 1 27 29 1 27 28 1 
# 180 0 16 15
2 1 2 3 1 2 2 3 1 3 2 1 2 1 2 1 
1 11 2 1 3 1 1 2 1 3 6 2 3 4 1 4 5 1 6 7 1 7 10 2 7 8 1 8 9 1 11 13 1 11 12 1 13 15 2 13 14 1 15 16 1 
# 186 0 32 31
2 2 2 3 1 2 2 2 2 1 1 1 3 2 3 1 3 2 1 3 2 1 2 1 1 1 2 1 2 1 1 1 
1 18 2 1 3 1 1 2 1 3 6 2 3 4 1 4 5 1 6 14 1 6 7 1 7 13 2 7 8 1 8 9 1 9 12 1 9 11 1 9 10 1 14 17 2 14 15 1 15 16 1 18 20 1 18 19 1 20 21 1 21 27 1 21 23 1 21 22 1 23 26 1 23 25 1 23 24 1 27 29 1 27 28 1 29 32 1 29 31 1 29 30 1 
# 192 0 32 31
6 2 2 1 2 1 2 5 3 3 2 1 2 5 3 3 6 2 2 1 2 1 2 5 3 3 2 2 1 5 3 3 
1 17 1 1 2 1 2 13 2 2 3 1 3 5 2 3 4 1 5 7 1 5 6 1 7 11 2 7 8 1 8 10 2 8 9 1 11 12 1 13 14 1 14 16 2 14 15 1 17 18 1 18 27 2 18 19 1 19 21 2 19 20 1 21 23 1 21 22 1 23 24 1 24 26 2 24 25 1 27 30 1 27 28 1 28 29 1 30 32 2 30 31 1 
# 203 0 28 27
6 2 2 1 2 1 2 1 2 1 2 5 3 3 6 2 2 1 2 1 2 1 2 2 1 5 3 3 
1 15 1 1 2 1 2 11 2 2 3 1 3 5 2 3 4 1 5 7 1 5 6 1 7 9 2 7 8 1 9 10 1 11 12 1 12 14 2 12 13 1 15 16 1 16 23 2 16 17 1 17 19 2 17 18 1 19 21 1 19 20 1 21 22 1 23 26 1 23 24 1 24 25 1 26 28 2 26 27 1 
# 210 0 29 28
2 2 1 1 1 2 1 1 1 2 1 1 2 1 1 2 3 1 3 2 1 1 2 1 1 2 3 1 3 
1 20 1 1 10 1 1 6 1 1 2 1 2 5 1 2 4 1 2 3 1 6 9 1 6 8 1 6 7 1 10 13 1 10 12 1 10 11 1 13 16 1 13 15 1 13 14 1 16 19 2 16 17 1 17 18 1 20 23 1 20 22 1 20 21 1 23 26 1 23 25 1 23 24 1 26 29 2 26 27 1 27 28 1 
# 211 1 36 35
6 2 2 1 2 1 2 2 1 1 2 3 1 3 2 1 2 1 6 2 2 1 2 1 2 1 2 1 2 2 1 1 2 3 1 3 
1 19 1 1 2 1 2 17 2 2 3 1 3 5 2 3 4 1 5 7 1 5 6 1 7 15 2 7 8 1 8 11 1 8 10 1 8 9 1 11 14 2 11 12 1 12 13 1 15 16 1 17 18 1 19 20 1 20 25 2 20 21 1 21 23 2 21 22 1 23 24 1 25 27 1 25 26 1 27 29 2 27 28 1 29 30 1 30 33 1 30 32 1 30 31 1 33 36 2 33 34 1 34 35 1 
# 213 0 30 29
2 2 1 2 1 2 1 2 1 2 2 3 1 3 6 6 2 2 2 1 2 1 2 1 2 1 2 3 1 3 
1 15 1 1 2 1 2 4 2 2 3 1 4 6 1 4 5 1 6 8 2 6 7 1 8 10 1 8 9 1 10 11 1 11 14 2 11 12 1 12 13 1 15 16 1 16 17 1 17 18 2 18 27 1 18 19 1 19 21 2 19 20 1 21 23 1 21 22 1 23 25 2 23 24 1 25 26 1 27 30 2 27 28 1 28 29 1 
# 220 0 98 97
6 2 2 1 2 1 2 5 1 2 2 1 1 2 1 1 2 1 1 2 1 1 2 1 1 2 1 1 2 1 1 2 1 1 2 1 1 2 1 1 2 1 1 1 3 2 1 2 1 6 2 2 1 2 1 2 1 2 1 2 5 1 2 2 1 1 2 1 1 2 1 1 2 1 1 2 1 1 2 1 1 2 1 1 2 1 1 2 1 1 2 1 1 2 1 1 1 3 
1 50 1 1 2 1 2 46 2 2 3 1 3 5 2 3 4 1 5 7 1 5 6 1 7 8 1 8 10 1 8 9 1 10 45 2 10 11 1 11 14 1 11 13 1 11 12 1 14 17 1 14 16 1 14 15 1 17 20 1 17 19 1 17 18 1 20 23 1 20 22 1 20 21 1 23 26 1 23 25 1 23 24 1 26 29 1 26 28 1 26 27 1 29 32 1 29 31 1 29 30 1 32 35 1 32 34 1 32 33 1 35 38 1 35 37 1 35 36 1 38 41 1 38 40 1 38 39 1 41 44 1 41 43 1 41 42 1 46 48 1 46 47 1 48 49 1 50 51 1 51 56 2 51 52 1 52 54 2 52 53 1 54 55 1 56 58 1 56 57 1 58 60 2 58 59 1 60 61 1 61 63 1 61 62 1 63 98 2 63 64 1 64 67 1 64 66 1 64 65 1 67 70 1 67 69 1 67 68 1 70 73 1 70 72 1 70 71 1 73 76 1 73 75 1 73 74 1 76 79 1 76 78 1 76 77 1 79 82 1 79 81 1 79 80 1 82 85 1 82 84 1 82 83 1 85 88 1 85 87 1 85 86 1 88 91 1 88 90 1 88 89 1 91 94 1 91 93 1 91 92 1 94 97 1 94 96 1 94 95 1 
$
